1 0.0133622 0.0139393
2   0.0130602   0.0129647
3   0.0131506   0.0143707
4   0.0132406   0.0135151
5   0.012715   0.0131437
6   0.0129488   0.0134646
7   0.013292   0.0136054
8   0.0131196   0.0134109
9   0.0137137   0.0140224
10   0.0133426   0.013615
11   0.013051   0.013694
12   0.0129295   0.0137727
13   0.0134276   0.0139024
14   0.0133879   0.0143315
15   0.013277   0.0151949
16   0.013665   0.0146434
17   0.0153095   0.0142148
18   0.0136622   0.0142804
19   0.0136633   0.0144258
20   0.0139107   0.0147636
21   0.0138667   0.0159278
22   0.0136858   0.0148195
23   0.0139662   0.0149319
24   0.0151895   0.0147015
25   0.0141117   0.0148869
26   0.0143643   0.0151043
27   0.0140893   0.0151028
28   0.0144108   0.015308
29   0.0149652   0.0157068
30   0.01467   0.0156359
31   0.0162658   0.016895
32   0.0148826   0.0155446
33   0.0152431   0.015772
34   0.0152847   0.0159091
35   0.0152817   0.0159722
36   0.015042   0.0160541
37   0.0154171   0.0161351
38   0.0154885   0.0171294
39   0.0161294   0.0167327
40   0.0175071   0.0183497
41   0.0159283   0.0176661
42   0.0179564   0.0163098
43   0.0164031   0.0199245
44   0.0165584   0.0166489
45   0.0166896   0.0169483
46   0.0170098   0.0167726
47   0.016936   0.0172936
48   0.0170505   0.0169119
49   0.018041   0.0171381
50   0.0173179   0.0192204
51   0.0199827   0.0172945
52   0.0179876   0.017519
53   0.0177345   0.017204
54   0.0179562   0.0174088
55   0.0182591   0.0173895
56   0.0188449   0.0191954
57   0.018381   0.0176354
58   0.0188371   0.0182039
59   0.0188841   0.0175762
60   0.0190779   0.0178821
61   0.0191277   0.0183517
62   0.0194661   0.0180596
63   0.0194869   0.018017
64   0.019734   0.0183475
65   0.0198665   0.0187302
66   0.0201875   0.0187972
67   0.0214163   0.020225
68   0.0208803   0.0187785
69   0.0210849   0.0184957
70   0.0211592   0.019072
71   0.021292   0.0186951
72   0.0218128   0.0186358
73   0.0224584   0.01936
74   0.0224141   0.0188754
75   0.0223235   0.0188426
76   0.0229421   0.0197971
77   0.023653   0.0193705
78   0.0243939   0.0195299
79   0.0237677   0.0192132
80   0.023998   0.019336
81   0.0242527   0.0195267
82   0.0245884   0.0198182
83   0.0246653   0.0204146
84   0.0254546   0.0200241
85   0.0255315   0.0200832
86   0.025943   0.0213192
87   0.0260625   0.0204778
88   0.0267877   0.0203628
89   0.0268732   0.0208816
90   0.0267624   0.0204122
91   0.0272865   0.0209961
92   0.0271956   0.0205687
93   0.0291926   0.0214872
94   0.0281257   0.0208335
95   0.029087   0.0209226
96   0.0292376   0.021349
97   0.0296274   0.0216366
98   0.0294509   0.0213479
99   0.0295848   0.021443
100   0.0300584   0.0223604
101   0.0311436   0.0215405
102   0.0308336   0.0214967
103   0.0311967   0.0225886
104   0.0312251   0.0220652
105   0.031859   0.0217748
106   0.0329387   0.0221449
107   0.0333434   0.0222746
108   0.033131   0.0233369
109   0.0337138   0.0222274
110   0.0344158   0.0228735
111   0.0341398   0.0223305
112   0.0363285   0.0229336
113   0.0348947   0.0240213
114   0.036261   0.0226307
115   0.035718   0.025098
116   0.037497   0.0235093
117   0.0386078   0.0231048
118   0.0371281   0.0232028
119   0.0375832   0.0241331
120   0.03825   0.0236317
121   0.0377946   0.0235513
122   0.0423266   0.0239892
123   0.0385223   0.0242667
124   0.0421935   0.0246587
125   0.0395195   0.0243052
126   0.0407892   0.0257085
127   0.0408342   0.0244586
128   0.0434362   0.0241572
129   0.0417159   0.0246703
130   0.0431315   0.0244319
131   0.0430346   0.024824
132   0.043388   0.0245397
133   0.0456125   0.0247683
134   0.0456267   0.0263049
135   0.0452369   0.0249937
136   0.0465517   0.0252362
137   0.0455773   0.0254888
138   0.0451361   0.0264371
139   0.0479702   0.0254803
140   0.0466108   0.0287881
141   0.049104   0.0253643
142   0.0472269   0.0255969
143   0.0497069   0.0261295
144   0.0507232   0.0259643
145   0.050971   0.0272789
146   0.0502597   0.0256933
147   0.051149   0.0261866
148   0.0518589   0.0269585
149   0.0530676   0.0263442
150   0.0519229   0.0267088
151   0.053311   0.0271898
152   0.0548851   0.0285669
153   0.0544228   0.0280371
154   0.0557812   0.0272291
155   0.0551231   0.0272284
156   0.0581283   0.0277033
157   0.0566191   0.0275124
158   0.0585181   0.0274647
159   0.0569849   0.0275877
160   0.0573481   0.0277793
161   0.0583463   0.0283525
162   0.0585083   0.0278943
163   0.0591612   0.0281336
164   0.0594831   0.0282937
165   0.0604283   0.0289639
166   0.0609984   0.0284304
167   0.0608585   0.0285219
168   0.061445   0.0283018
169   0.0621659   0.0290265
170   0.0629739   0.0293042
171   0.0623176   0.0290103
172   0.0628133   0.0290953
173   0.0641571   0.0292196
174   0.0644486   0.0291103
175   0.0636978   0.030403
176   0.064649   0.0312236
177   0.0644768   0.0294373
178   0.0665494   0.0295334
179   0.0667474   0.0300597
180   0.0660831   0.0298642
181   0.0667096   0.0300259
182   0.0666084   0.0316193
183   0.0672199   0.029796
184   0.0685064   0.0302139
185   0.0693026   0.0303215
186   0.0694109   0.0348602
187   0.0694681   0.0312236
188   0.0718757   0.0315303
189   0.0744904   0.0306418
190   0.0721262   0.0306028
191   0.0725004   0.0305839
192   0.0728215   0.0309626
193   0.0812642   0.0419581
194   0.0748019   0.0322833
195   0.0769835   0.0312051
196   0.0786509   0.03192
197   0.0768308   0.0314174
198   0.0772946   0.0317483
199   0.0781722   0.0321677
200   0.0782721   0.0317803
201   0.0796223   0.0319685
202   0.0806711   0.032578
203   0.0826718   0.0330867
204   0.0830652   0.0325357
205   0.0842168   0.032367
206   0.083164   0.0320214
207   0.0839861   0.0325666
208   0.0853501   0.0325425
209   0.0847031   0.0337507
210   0.0859361   0.0329151
211   0.0866618   0.0328931
212   0.0876113   0.0323221
213   0.0902403   0.032879
214   0.0882901   0.0330203
215   0.0896236   0.0328449
216   0.0929536   0.0346316
217   0.0937272   0.0328446
218   0.091983   0.0347385
219   0.0923555   0.0337926
220   0.0945832   0.034163
221   0.0985871   0.0342496
222   0.0957621   0.0348661
223   0.0965993   0.0375159
224   0.0980869   0.0352985
225   0.0979956   0.0360104
226   0.100222   0.0359301
227   0.100382   0.0337311
228   0.0993266   0.0346377
229   0.100101   0.0347967
230   0.104641   0.0348874
231   0.103155   0.0341265
232   0.105216   0.034178
233   0.103434   0.0348148
234   0.105774   0.0344045
235   0.105805   0.0357407
236   0.107283   0.0369347
237   0.105742   0.0354632
238   0.107026   0.0348549
239   0.124773   0.0368658
240   0.122409   0.0364213
241   0.124156   0.0373731
242   0.125854   0.0382611
243   0.111632   0.0381096
244   0.113142   0.0374614
245   0.113592   0.0365711
246   0.115282   0.0372965
247   0.114716   0.0361313
248   0.114761   0.0365428
249   0.116706   0.0375496
250   0.118035   0.0368122
251   0.122163   0.0366509
252   0.119815   0.0367423
253   0.120649   0.0377462
254   0.120374   0.0370745
255   0.121789   0.0368287
256   0.124582   0.0378389
257   0.124859   0.0385827
258   0.124871   0.0378182
259   0.1258   0.0374813
260   0.126032   0.0377318
261   0.125681   0.0385706
262   0.130237   0.0382752
263   0.130551   0.038986
264   0.1305   0.0383763
265   0.130718   0.0402371
266   0.131806   0.0390204
267   0.132214   0.0427982
268   0.132856   0.0382571
269   0.135947   0.0386842
270   0.138677   0.0394578
271   0.137702   0.0409259
272   0.13875   0.039853
273   0.13931   0.0439017
274   0.143121   0.0392615
275   0.139444   0.042255
276   0.139304   0.0406452
277   0.142827   0.0399443
278   0.141375   0.0396403
279   0.147864   0.0403265
280   0.146682   0.04023
281   0.144307   0.0404197
282   0.151033   0.0413124
283   0.14644   0.0400929
284   0.147269   0.0403643
285   0.147074   0.04098
286   0.14803   0.0414528
287   0.154005   0.0404398
288   0.152815   0.0406002
289   0.153337   0.0409505
290   0.152469   0.0432958
291   0.155362   0.0433156
292   0.158736   0.0414841
293   0.155049   0.0419698
294   0.159329   0.0413594
295   0.156836   0.043171
296   0.15987   0.041771
297   0.159174   0.0421314
298   0.162801   0.044919
299   0.166838   0.0420984
300   0.16492   0.0443021
301   0.163657   0.0419968
302   0.163163   0.0436108
303   0.170415   0.0422825
304   0.163628   0.0441442
305   0.170299   0.0432519
306   0.170809   0.043612
307   0.173794   0.0441649
308   0.176645   0.0431516
309   0.173412   0.0439368
310   0.179721   0.0428721
311   0.173238   0.0451012
312   0.190105   0.0440154
313   0.176306   0.044019
314   0.175015   0.0437987
315   0.177415   0.0439122
316   0.181325   0.0451383
317   0.19066   0.0471779
318   0.18944   0.044379
319   0.215022   0.0462445
320   0.193566   0.0475441
321   0.188855   0.0542311
322   0.210883   0.0487335
323   0.206275   0.0498044
324   0.197926   0.0513654
325   0.196643   0.0464517
326   0.19448   0.0467589
327   0.198483   0.0457427
328   0.194659   0.0466814
329   0.200378   0.0469632
330   0.201073   0.0481179
331   0.19981   0.0498831
332   0.203453   0.0470549
333   0.204076   0.0480235
334   0.206726   0.0468953
335   0.204277   0.0471332
336   0.2043   0.0523665
337   0.205981   0.0489984
338   0.208686   0.0464997
339   0.213601   0.0501336
340   0.212232   0.0505569
341   0.21206   0.0473215
342   0.208328   0.0490767
343   0.217824   0.0495033
344   0.215923   0.048883
345   0.218709   0.0483464
346   0.21627   0.0512978
347   0.218655   0.0485812
348   0.222475   0.0508504
349   0.219446   0.0490722
350   0.224076   0.0516913
351   0.220454   0.0483496
352   0.220233   0.0519406
353   0.22648   0.048982
354   0.230362   0.0498534
355   0.235761   0.0523125
356   0.230503   0.0506277
357   0.227694   0.0526088
358   0.228935   0.0504708
359   0.231319   0.0507679
360   0.230817   0.0502389
361   0.232771   0.0517113
362   0.232797   0.0508008
363   0.236453   0.051112
364   0.234484   0.0507026
365   0.233995   0.0506227
366   0.234566   0.0527235
367   0.236175   0.0521581
368   0.239751   0.0525191
369   0.240973   0.0525973
370   0.242591   0.0509159
371   0.239699   0.0517574
372   0.241378   0.051896
373   0.248338   0.0532966
374   0.244892   0.0540172
375   0.246263   0.0518045
376   0.242517   0.0524347
377   0.244123   0.055429
378   0.252913   0.0538992
379   0.251518   0.0533622
380   0.251528   0.0537692
381   0.253847   0.0541864
382   0.252311   0.0540984
383   0.253149   0.0559684
384   0.256931   0.0549098
385   0.25882   0.0546635
386   0.257238   0.0565549
387   0.261636   0.0556635
388   0.262617   0.0532485
389   0.262672   0.054592
390   0.264524   0.0568689
391   0.267551   0.0544538
392   0.271815   0.0546633
393   0.273667   0.0549903
394   0.274608   0.0567552
395   0.275098   0.0567543
396   0.272274   0.055126
397   0.274931   0.0560291
398   0.278099   0.0555699
399   0.283933   0.0565429
400   0.284279   0.0552927
401   0.281309   0.0558662
402   0.28571   0.0566837
403   0.28098   0.0561074
404   0.281196   0.0562504
405   0.288143   0.0576511
406   0.283156   0.0554889
407   0.284039   0.0559299
408   0.287422   0.0554913
409   0.289857   0.0576024
410   0.286477   0.0556159
411   0.291206   0.0570216
412   0.296471   0.0573941
413   0.294856   0.0577802
414   0.29634   0.0561023
415   0.295808   0.0575282
416   0.297017   0.0564888
417   0.301221   0.0560111
418   0.301963   0.0582246
419   0.327872   0.0681064
420   0.351994   0.0603041
421   0.309133   0.0587825
422   0.314021   0.0583801
423   0.318658   0.0577733
424   0.31465   0.0607592
425   0.315233   0.0595762
426   0.322184   0.0575551
427   0.313099   0.0578194
428   0.320692   0.0582614
429   0.320807   0.058036
430   0.315533   0.0582204
431   0.317792   0.0575274
432   0.318477   0.0578581
433   0.32336   0.057288
434   0.324447   0.0586496
435   0.324264   0.0593948
436   0.325196   0.0563371
437   0.333012   0.0578717
438   0.327782   0.058715
439   0.333113   0.0575622
440   0.333478   0.058281
441   0.337476   0.0591812
442   0.339034   0.0579703
443   0.338363   0.0580363
444   0.338004   0.0584385
445   0.341545   0.0586608
446   0.344635   0.0579467
447   0.348305   0.0576053
448   0.346161   0.0586668
449   0.352052   0.0587317
450   0.345239   0.0589784
451   0.351797   0.0597257
452   0.353154   0.0597044
453   0.356313   0.060435
454   0.357383   0.0599285
455   0.358099   0.0614218
456   0.357178   0.0598811
457   0.355075   0.060363
458   0.359572   0.0628198
459   0.369742   0.0600464
460   0.365092   0.0603418
461   0.368802   0.0605237
462   0.366454   0.0612351
463   0.366973   0.0597652
464   0.377232   0.061023
465   0.374417   0.0710786
466   0.422316   0.0654328
467   0.380739   0.0615875
468   0.382278   0.0612304
469   0.380107   0.0626256
470   0.385953   0.0611798
471   0.394117   0.0631484
472   0.390343   0.0640625
473   0.386273   0.0632381
474   0.391583   0.061502
475   0.392168   0.0616039
476   0.396886   0.0622834
477   0.400058   0.0620184
478   0.393714   0.0613072
479   0.392892   0.0606901
480   0.404923   0.0641106
481   0.399194   0.061581
482   0.400721   0.063129
483   0.396025   0.0626825
484   0.399712   0.0632073
485   0.405903   0.0624546
486   0.405314   0.062638
487   0.409166   0.061357
488   0.403489   0.0625936
489   0.412184   0.0626135
490   0.406551   0.0627205
491   0.411284   0.0643115
492   0.415191   0.0625788
493   0.411563   0.062661
494   0.414051   0.0621996
495   0.42293   0.0628894
496   0.427061   0.0625529
497   0.436932   0.0639961
498   0.423037   0.0628876
499   0.424681   0.0637297
500   0.430507   0.0636855
