1 0.0133622 0.0139393
2   0.0130602   0.0129647
3   0.0131506   0.0143707
4   0.0132406   0.0135151
5   0.012715   0.0131437
6   0.0129488   0.0134646
7   0.013292   0.0136054
8   0.0131196   0.0134109
9   0.0137137   0.0140224
10   0.0133426   0.013615
11   0.013051   0.013694
12   0.0129295   0.0137727
13   0.0134276   0.0139024
14   0.0133879   0.0143315
15   0.013277   0.0151949
16   0.013665   0.0146434
17   0.0153095   0.0142148
18   0.0136622   0.0142804
19   0.0136633   0.0144258
20   0.0139107   0.0147636
21   0.0138667   0.0159278
22   0.0136858   0.0148195
23   0.0139662   0.0149319
24   0.0151895   0.0147015
25   0.0141117   0.0148869
26   0.0143643   0.0151043
27   0.0140893   0.0151028
28   0.0144108   0.015308
29   0.0149652   0.0157068
30   0.01467   0.0156359
31   0.0162658   0.016895
32   0.0148826   0.0155446
33   0.0152431   0.015772
34   0.0152847   0.0159091
35   0.0152817   0.0159722
36   0.015042   0.0160541
37   0.0154171   0.0161351
38   0.0154885   0.0171294
39   0.0161294   0.0167327
40   0.0175071   0.0183497
41   0.0159283   0.0176661
42   0.0179564   0.0163098
43   0.0164031   0.0199245
44   0.0165584   0.0166489
45   0.0166896   0.0169483
46   0.0170098   0.0167726
47   0.016936   0.0172936
48   0.0170505   0.0169119
49   0.018041   0.0171381
50   0.0173179   0.0192204
51   0.0199827   0.0172945
52   0.0179876   0.017519
53   0.0177345   0.017204
54   0.0179562   0.0174088
55   0.0182591   0.0173895
56   0.0188449   0.0191954
57   0.018381   0.0176354
58   0.0188371   0.0182039
59   0.0188841   0.0175762
60   0.0190779   0.0178821
61   0.0191277   0.0183517
62   0.0194661   0.0180596
63   0.0194869   0.018017
64   0.019734   0.0183475
65   0.0198665   0.0187302
66   0.0201875   0.0187972
67   0.0214163   0.020225
68   0.0208803   0.0187785
69   0.0210849   0.0184957
70   0.0211592   0.019072
71   0.021292   0.0186951
72   0.0218128   0.0186358
73   0.0224584   0.01936
74   0.0224141   0.0188754
75   0.0223235   0.0188426
76   0.0229421   0.0197971
77   0.023653   0.0193705
78   0.0243939   0.0195299
79   0.0237677   0.0192132
80   0.023998   0.019336
81   0.0242527   0.0195267
82   0.0245884   0.0198182
83   0.0246653   0.0204146
84   0.0254546   0.0200241
85   0.0255315   0.0200832
86   0.025943   0.0213192
87   0.0260625   0.0204778
88   0.0267877   0.0203628
89   0.0268732   0.0208816
90   0.0267624   0.0204122
91   0.0272865   0.0209961
92   0.0271956   0.0205687
93   0.0291926   0.0214872
94   0.0281257   0.0208335
95   0.029087   0.0209226
96   0.0292376   0.021349
97   0.0296274   0.0216366
98   0.0294509   0.0213479
99   0.0295848   0.021443
100   0.0300584   0.0223604
